CDS_INPUT_ROOT=2.16.840.1.113883.3.795.11.1.1
CIR_IMMUNIZATION_ID=2.16.840.1.113883.3.795.12.100.10
CIR_PATIENT_ID=2.16.840.1.113883.3.795.12.100.11
DISEASE=2.16.840.1.113883.6.103
EVALUATED_PERSON_ROOT=2.16.840.1.113883.3.795.11.2.1.1
EVALUATION_INTERPRETATION=2.16.840.1.113883.3.795.12.100.3
EVALUATION_VALUE=2.16.840.1.113883.3.795.12.100.2
GENDER=2.16.840.1.113883.5.1
GENERAL_PURPOSE=2.16.840.1.113883.6.5
IMMUNITY_INTERPRETATION=2.16.840.1.113883.3.795.12.100.9
IMMUNITY_VALUE=2.16.840.1.113883.3.795.12.100.8
LANG=2.16.840.1.113883.6.99
MANUFACTURER=2.16.840.1.113883.6.60
OBSERVATION_RESULT_ROOT=2.16.840.1.113883.3.795.11.6.3.1
RECOMMENDATION_INTERPRETATION=2.16.840.1.113883.3.795.12.100.6
RECOMMENDATION_VALUE=2.16.840.1.113883.3.795.12.100.5
SUBSTANCE_ADMINISTRATION_EVENT_ROOT=2.16.840.1.113883.3.795.11.9.1.1
SUBSTANCE_ADMINISTRATION_PROPOSAL_ROOT=2.16.840.1.113883.3.795.11.9.3.1
TARGET_RELATIONSHIP_TO_SOURCE=2.16.840.1.113883.5.1002
VACCINE=2.16.840.1.113883.12.292
VACCINE_GROUP=2.16.840.1.113883.3.795.12.100.1
VMR_ROOT=2.16.840.1.113883.3.795.11.1.1